20  3  0  0
   1    -2.0683050000000001  1.3918710000000001  2.0733959999999998
   2    -2.0683050000000001  1.3918710000000001  -2.0733959999999998
   3    -2.0683050000000001  -2.4470000000000001  -2.0733959999999998
   4    2.078487  1.3918710000000001  -2.0733959999999998
   5    0.79638399999999998  -2.4470000000000001  -2.0733959999999998
   6    2.078487  -2.4470000000000001  -2.0733959999999998
   7    2.078487  1.3918710000000001  2.0733959999999998
   8    2.078487  -2.4470000000000001  2.0733959999999998
   9    -0.78620199999999996  1.3918710000000001  2.0733959999999998
  10    -2.0683050000000001  -2.4470000000000001  2.0733959999999998
  11    0.79638399999999998  1.3918710000000001  -2.0733959999999998
  12    -0.78620199999999996  1.3918710000000001  -2.0733959999999998
  13    -0.78620199999999996  -2.4470000000000001  2.0733959999999998
  14    0.79638399999999998  -2.4470000000000001  2.0733959999999998
  15    0.79638399999999998  -3.936992  2.0733959999999998
  16    0.79638399999999998  1.3918710000000001  2.0733959999999998
  17    -0.78620199999999996  -2.4470000000000001  -2.0733959999999998
  18    0.79638399999999998  -3.936992  -2.0733959999999998
  19    -0.78620199999999996  -3.936992  -2.0733959999999998
  20    -0.78620199999999996  -3.936992  2.0733959999999998
