24  4  0
    1      12     2    17     1
    2      13     9    17     1
    3      10    13     3     1
    4       9    12    17     1
    5      17     2     3     1
    6      13    17     3     1
    7       8    14     7     4
    8      14    16     7     4
    9       8    14     4     5
   10       6     8     4     5
   11      16    11     4     5
   12      14    16     4     5
   13       9    13    17     5
   14      13     9    14     5
   15       9    11    16     5
   16      14     9    16     5
   17      12     9    17     5
   18       9    12    11     5
   19      15    13    14     5
   20      13    19    17     5
   21      19    15    18     5
   22      15    19    20     5
   23      13    15    20     5
   24      19    13    20     5

